#         Lambda    Transmission
         166342.0000            0.102040
         170334.0000            0.295920
         174422.0000            0.387760
         178607.0000            0.448980
         182894.0000            0.489800
         187283.0000            0.512240
         191777.0000            0.551020
         196379.0000            0.593880
         201092.0000            0.636740
         205917.0000            0.693880
         210859.0000            0.734690
         215919.0000            0.795920
         221100.0000            0.857140
         226406.0000            0.918370
         231839.0000            0.938780
         237403.0000            0.938780
         243100.0000            0.897960
         248934.0000            0.938780
         254907.0000            1.000000
         261025.0000            0.871430
         267289.0000            0.755100
         273703.0000            0.816330
         280271.0000            0.897960
         286997.0000            0.816330
         293884.0000            0.877550
         300936.0000            0.673470
         308158.0000            0.204080
         315553.0000            0.000000
