#         Lambda    Transmission
          70834.2969            0.000000
          74274.7031            0.015310
          76057.1016            0.030610
          77882.2969            0.285710
          79751.2969            0.510200
          81665.1016            0.591840
          83624.8984            0.673470
          85631.7031            0.714290
          87686.6016            0.734690
          89790.8984            0.755100
          91945.6016            0.785710
          94152.1016            0.816330
          96411.5000            0.836740
          98725.1016            0.877550
         101094.0000            0.908160
         103520.0000            0.918370
         106005.0000            0.908160
         108548.0000            0.877550
         111153.0000            0.857140
         111153.0000            0.857140
         113821.0000            0.816330
         116552.0000            0.775510
         119349.0000            0.795920
         122213.0000            0.836740
         125146.0000            0.897960
         128149.0000            0.938780
         131224.0000            0.979590
         134373.0000            1.000000
         137598.0000            1.000000
         140900.0000            0.979590
         144281.0000            0.959180
         147744.0000            0.918370
         151289.0000            0.408160
         154920.0000            0.061220
         158637.0000            0.000000
