#         Lambda    Transmission
         308158.0000            0.000000
         315553.0000            0.010200
         323126.0000            0.020410
         330880.0000            0.030610
         338820.0000            0.040820
         346951.0000            0.051020
         355277.0000            0.057140
         363803.0000            0.061220
         372533.0000            0.071430
         381473.0000            0.091840
         390627.0000            0.102040
         400001.0000            0.122450
         409600.0000            0.163270
         412525.0000            0.244900
         419430.0000            0.306120
         429495.0000            0.387760
         439801.0000            0.428570
         450356.0000            0.479590
         461163.0000            0.510200
         472230.0000            0.540820
         483562.0000            0.571430
         495166.0000            0.591840
         507049.0000            0.622450
         519217.0000            0.653060
         531677.0000            0.693880
         544436.0000            0.714290
         557501.0000            0.775510
         570879.0000            0.816330
         584579.0000            0.867350
         598607.0000            0.918370
         612972.0000            0.959180
         627682.0000            0.979590
         642745.0000            1.000000
         658169.0000            1.010200
         673964.0000            1.000000
         690137.0000            0.979590
         706699.0000            0.948980
         723658.0000            0.897960
         741024.0000            0.816330
         758806.0000            0.755100
         777016.0000            0.612250
         795662.0000            0.408160
         814756.0000            0.204080
         834308.0000            0.102040
         854329.0000            0.040820
         874831.0000            0.000000
