#         Lambda    Transmission
          47442.1016            0.000091
          47485.6016            0.000089
          47529.1016            0.000082
          47572.6992            0.000073
          47616.3984            0.000067
          47660.1016            0.000071
          47704.0000            0.000080
          47747.8984            0.000077
          47791.8984            0.000076
          47836.0000            0.000084
          47880.1992            0.000078
          47924.3984            0.000059
          47968.8008            0.000058
          48013.1992            0.000064
          48057.6992            0.000064
          48102.3008            0.000059
          48146.8984            0.000062
          48191.6992            0.000074
          48236.5000            0.000079
          48281.3984            0.000074
          48326.3984            0.000057
          48371.5000            0.000057
          48416.6016            0.000071
          48461.8984            0.000087
          48507.1992            0.000108
          48552.6992            0.000128
          48598.1992            0.000146
          48643.6992            0.000182
          48689.3984            0.000249
          48735.1992            0.000319
          48781.0000            0.000330
          48827.0000            0.000427
          48873.0000            0.000524
          48919.1016            0.000716
          48965.3008            0.001192
          49011.6016            0.001799
          49057.8984            0.002635
          49104.3984            0.003611
          49150.8984            0.004625
          49197.6016            0.005849
          49244.3008            0.007203
          49291.1016            0.008569
          49338.0000            0.010520
          49385.0000            0.012950
          49432.1016            0.015910
          49479.1992            0.019330
          49526.5000            0.022430
          49573.8008            0.026050
          49621.3008            0.029580
          49668.8008            0.032980
          49716.3984            0.036370
          49764.1016            0.039890
          49811.8984            0.043590
          49859.8008            0.047340
          49907.8008            0.051020
          49955.8984            0.055470
          50004.1016            0.058670
          50052.3008            0.062560
          50100.6992            0.065920
          50149.1992            0.068730
          50197.6992            0.070920
          50246.3008            0.073090
          50295.1016            0.074520
          50343.8984            0.076020
          50392.8008            0.077410
          50441.8984            0.078520
          50491.0000            0.079900
          50540.1992            0.081020
          50589.5000            0.082370
          50638.8984            0.083830
          50688.3984            0.085330
          50738.0000            0.087040
          50787.6992            0.089250
          50837.5000            0.091120
          50887.3984            0.093340
          50937.3984            0.095470
          50987.3984            0.097050
          51037.6016            0.098150
          51087.8984            0.099230
          51138.3008            0.100200
          51188.8008            0.100900
          51239.3984            0.101700
          51290.0000            0.102400
          51340.8008            0.102900
          51391.6992            0.103400
          51442.6992            0.103700
          51493.8008            0.103800
          51545.0000            0.103800
          51596.3008            0.103900
          51647.6016            0.104000
          51699.1016            0.104300
          51750.6992            0.104800
          51802.3984            0.105300
          51854.1992            0.105900
          51906.1016            0.106600
          51958.1016            0.107200
          52010.3008            0.108000
          52062.5000            0.108800
          52114.8008            0.109500
          52167.1992            0.110200
          52219.8008            0.110900
          52272.3984            0.111500
          52325.1992            0.112100
          52378.0000            0.112700
          52431.0000            0.112900
          52484.0000            0.112900
          52537.1992            0.112300
          52590.5000            0.111600
          52643.8984            0.111000
          52697.3984            0.110200
          52751.0000            0.109500
          52804.6992            0.109200
          52858.5000            0.109300
          52912.5000            0.109900
          52966.5000            0.110600
          53020.6992            0.111100
          53075.0000            0.111900
          53129.3008            0.112600
          53183.8008            0.113500
          53238.3984            0.114500
          53293.1016            0.115600
          53348.0000            0.116500
          53402.8984            0.117600
          53458.0000            0.118600
          53513.1016            0.119500
          53568.3984            0.120300
          53623.8008            0.121000
          53679.3008            0.121600
          53735.0000            0.122200
          53790.6992            0.122700
          53846.6016            0.122900
          53902.5000            0.122900
          53958.6016            0.122900
          54014.8008            0.122800
          54071.1016            0.122600
          54127.6016            0.122500
          54184.1992            0.122100
          54240.8008            0.122000
          54297.6016            0.121900
          54354.5000            0.121700
          54411.6016            0.121700
          54468.6992            0.121600
          54526.0000            0.121700
          54583.3984            0.121800
          54640.8984            0.121900
          54698.6016            0.121800
          54756.3008            0.121900
          54814.1992            0.121800
          54872.1992            0.121900
          54930.3008            0.121700
          54988.6016            0.121700
          55047.0000            0.121800
          55105.5000            0.122000
          55164.1016            0.122600
          55222.8008            0.123200
          55281.6992            0.123900
          55340.6992            0.124500
          55399.8008            0.125300
          55459.1016            0.126100
          55518.3984            0.126800
          55578.0000            0.127500
          55637.6016            0.128200
          55697.3008            0.128900
          55757.1992            0.129600
          55817.3008            0.129600
          55877.3984            0.129400
          55937.6992            0.129200
          55998.1016            0.128900
          56058.6016            0.128800
          56119.3008            0.128800
          56180.1016            0.129000
          56241.0000            0.129600
          56302.1016            0.130300
          56363.3008            0.131100
          56424.6016            0.131800
          56486.1016            0.132400
          56547.6992            0.133000
          56609.3984            0.133500
          56671.3008            0.134000
          56733.3008            0.134400
          56795.3984            0.134300
          56857.6992            0.134200
          56920.1016            0.134100
          56982.6992            0.134100
          57045.3984            0.134300
          57108.1992            0.134900
          57171.1016            0.135400
          57234.3008            0.135900
          57297.5000            0.136400
          57360.8984            0.136800
          57424.3984            0.137000
          57488.1016            0.137400
          57551.8984            0.137600
          57615.8008            0.137400
          57679.8984            0.136600
          57744.1016            0.136000
          57808.5000            0.135200
          57873.0000            0.134800
          57937.6992            0.134800
          58002.5000            0.135300
          58067.3984            0.135800
          58132.5000            0.136300
          58197.8008            0.137000
          58263.1992            0.137600
          58328.6992            0.138100
          58394.3984            0.138600
          58460.1992            0.139000
          58526.1992            0.139300
          58592.3984            0.139700
          58658.6016            0.139600
          58725.1016            0.139700
          58791.6016            0.139700
          58858.3984            0.139700
          58925.3008            0.139800
          58992.3008            0.140100
          59059.5000            0.140300
          59126.8008            0.140600
          59194.3008            0.140900
          59262.0000            0.141300
          59329.8008            0.141600
          59397.6992            0.141700
          59465.8984            0.141900
          59534.1016            0.142000
          59602.6016            0.142000
          59671.1992            0.142100
          59739.8984            0.142000
          59808.8008            0.142000
          59877.8984            0.142100
          59947.1016            0.142000
          60016.5000            0.141900
          60086.0000            0.141600
          60155.6992            0.141500
          60225.6016            0.141500
          60295.6016            0.141700
          60365.8008            0.141700
          60436.1992            0.141800
          60506.6992            0.141900
          60577.3984            0.141900
          60648.1992            0.141800
          60719.1992            0.142000
          60790.3984            0.142000
          60861.8008            0.141600
          60933.3008            0.141000
          61005.0000            0.140100
          61076.8008            0.139200
          61148.8984            0.138200
          61221.1016            0.137400
          61293.3984            0.136800
          61366.0000            0.136100
          61438.6992            0.135700
          61511.5000            0.135400
          61584.6016            0.135200
          61657.8008            0.135200
          61731.1992            0.135000
          61804.8008            0.134700
          61878.6016            0.134700
          61952.5000            0.134100
          62026.6016            0.133300
          62100.8984            0.132300
          62175.3008            0.130900
          62250.0000            0.129200
          62324.8008            0.127800
          62399.8008            0.126300
          62475.0000            0.125300
          62550.3008            0.124900
          62625.8984            0.124500
          62701.6016            0.124400
          62777.5000            0.124600
          62853.6016            0.124800
          62929.8984            0.125100
          63006.3984            0.125400
          63083.0000            0.125200
          63159.8008            0.125000
          63236.8984            0.123500
          63314.1016            0.122300
          63391.5000            0.120000
          63469.1016            0.117600
          63546.8984            0.114800
          63624.8008            0.109300
          63703.0000            0.103600
          63781.3008            0.097200
          63859.8984            0.090830
          63938.6016            0.084630
          64017.6016            0.079400
          64096.6992            0.072560
          64176.0000            0.064980
          64255.6016            0.057960
          64335.3008            0.049720
          64415.1992            0.041420
          64495.3008            0.032760
          64575.6016            0.025500
          64656.1016            0.018990
          64736.8984            0.013390
          64817.8008            0.009109
          64898.8984            0.005789
          64980.1992            0.003272
          65061.8008            0.001720
          65143.5000            0.000820
          65225.3984            0.000371
          65307.6016            0.000125
          65390.0000            0.000061
          65472.5000            0.000045
          65555.2969            0.000030
          65638.2969            0.000029
          65721.5000            0.000026
          65804.8984            0.000006
          65888.5000            0.000012
          65972.2969            0.000027
          66056.2969            0.000032
          66140.6016            0.000051
          66225.1016            0.000065
